137   213   147   214
137   213   147   146
310   213   214   299
392   310   402   309
356   432   348   347
92   164   157   158
93    92   164   158
457   447   456   382
90    91   163   155
156    91   163   155
156   241   163   155
97    93    92    40
97    93    92   164
505   498   506   549
505   555   506   549
505   497   498   433
505   497   498   549
253   348   340   347
492   497   498   549
492   497   498   433
546   492   498   549
232   156   147   146
232   241   231   328
232   156   146   155
232   156   241   155
232   231   146   155
232   241   231   155
319   310   402   309
319   232   231   328
319   231   146   309
319   232   231   146
393   392   310   402
502   548   496   553
489   421   420   427
341   421   420   427
495   548   491   547
495   429   491   430
495   548   496   491
495   502   548   496
495   496   491   430
495   502   496   430
425   348   340   347
425   432   348   347
425   432   348   433
425   497   432   433
425   492   497   433
242   164   157   158
242   234   157   158
226   242   234   158
243   242   164   158
298   310   213   309
298   392   310   309
298   393   392   310
298   310   213   299
298   393   310   299
298   393   373   299
304   314   388   398
323   314   313   396
323   227   314   313
323   227   313   236
323   227   237   236
467   401   392   402
467   466   401   392
415   416   338   332
415   487   416   417
415   416   338   417
415   334   338   417
270   365   278   279
270   365   356   278
270   356   348   347
443   505   498   433
443   505   442   433
370   447   456   382
370   381   456   382
122   113   186   112
477   532   531   538
477   532   469   531
477   469   531   468
477   469   403   468
387   304   314   388
560   510   559   553
448   457   447   382
94    87    93    40
94    97    93    40
94    37    87    40
222   231   146   155
222   231   146   309
303   387   304   314
315   323   227   237
315   325   316   398
315   238   325   316
315   323   227   314
96    90    91   163
165    97    93   164
36    87    35    40
36    37    87    40
504   497   432   433
460   522   459   468
460   469   403   468
450   504   442   441
177   113   186   112
434   358   348   271
434   358   367   271
434   443   498   433
434   358   368   359
262   253   260   254
262   253   254   250
493   546   492   498
493   489   546   492
493   489   420   427
493   489   492   420
550   555   506   549
550   556   555   506
562   556   555   506
577   534   571   576
587   577   571   576
523   532   469   531
523   568   522   531
523   469   531   468
523   522   531   468
523   460   469   468
523   460   522   468
223   319   232   146
223   232   147   146
223   319   146   309
223   319   310   309
223   213   147   214
223   310   213   214
223   213   147   146
223   213   146   309
223   310   213   309
519   457   447   456
519   510   447   456
424   496   491   430
424   429   491   430
424   423   429   491
424   496   431   430
424   346   431   430
494   493   489   546
422   489   421   427
435   434   368   359
426   425   420   340
426   425   348   340
426   425   348   433
426   434   348   433
426   434   358   348
426   425   492   420
426   434   498   433
426   434   358   359
426   493   420   427
426   435   493   427
426   435   427   359
426   435   434   359
426   493   492   420
426   435   434   498
426   492   498   433
426   425   492   433
426   493   492   498
426   435   493   498
581   540   545   582
581   540   534   582
581   577   534   582
581   577   534   576
485   405   543   484
539   540   534   526
539   581   540   534
539   581   576   580
539   581   534   576
539   543   580   538
539   532   580   538
397   314   388   398
397   315   314   398
397   315   323   314
397   323   314   396
397   387   314   396
397   387   314   388
419   485   414   406
235   226   313   158
235   226   242   158
235   243   242   158
235   321   226   313
235   313   236   158
235   323   313   236
235   321   313   396
302   321   313   396
302   321   226   313
302   314   313   396
302   387   314   396
302   303   387   314
312   301   300   311
312   302   321   226
312   302   226   216
312   302   301   216
233   226   242   234
233   312   226   234
233   312   321   226
233   235   226   242
233   235   321   226
233   320   321   311
233   312   321   311
444   434   367   368
444   434   443   367
383   298   393   373
383   298   393   392
383   298   287   373
383   466   457   382
383   448   457   382
383   298   286   287
383   448   286   382
383   448   286   287
297   466   401   392
297   381   286   382
297   383   466   382
297   383   466   392
297   298   392   309
297   383   286   382
297   383   298   392
297   383   298   286
465   381   456   382
465   457   456   382
465   466   457   382
465   297   381   382
465   297   466   382
465   519   457   456
465   519   464   456
476   467   401   402
476   401   483   475
384   393   392   402
384   467   392   402
384   383   393   392
384   467   466   392
384   383   466   392
384   383   393   373
261   270   348   347
261   253   348   347
261   253   260   347
261   262   253   260
261   270   348   271
261   358   348   271
261   188   358   271
261   262   188   358
366   434   367   271
366   443   442   433
366   270   348   271
366   434   348   433
366   434   348   271
366   434   443   433
366   434   443   367
366   432   348   433
366   504   442   433
366   504   432   433
366   356   432   348
366   270   356   348
366   504   442   441
366   504   432   441
366   356   432   441
366   270   356   441
378   444   367   368
317   238   325   316
410   401   483   475
410   476   401   483
472   397   388   398
472   473   540   408
472   539   540   526
472   540   534   526
472   473   534   526
472   473   540   534
389   304   388   398
535   577   534   571
535   587   577   571
535   587   577   578
535   577   534   582
535   577   578   582
541   473   474   408
541   473   540   408
541   540   545   582
541   540   534   582
541   473   540   534
541   535   534   582
541   535   473   534
380   370   455   456
380   306   210   294
380   389   306   294
371   381   286   382
371   370   381   382
371   380   370   381
509   510   447   456
509   370   447   456
509   370   455   456
509   502   510   447
509   438   502   447
509   438   370   447
518   519   510   456
518   519   464   456
518   464   455   456
518   509   455   456
518   509   510   456
71    25    81    72
195   122   186   279
195   186   278   279
195   365   279   289
195   365   278   279
86    28    85    35
86    85    92    35
86    93    92   158
86    92    35    40
86    87    35    40
86    93    92    40
86    87    93    40
86    92   157   158
86    85    92   157
357   270   365   279
357   365   374   441
357   366   442   441
357   366   270   441
357   450   442   441
357   450   374   441
357   365   356   441
357   270   356   441
357   270   365   356
375   365   279   289
375   357   365   279
375   365   374   289
375   357   365   374
470   302   387   396
470   397   405   396
470   397   387   396
530   574   521   475
530   476   483   475
530   466   521   475
530   467   466   521
530   476   401   475
530   476   467   401
530   466   401   475
530   467   466   401
128   137   213   214
59   113   112    51
59    58   112    51
59    58   122   131
59   122   113   112
59    58   122   112
203   213   214   299
203   128   213   214
288   298   373   299
288   298   287   373
354   346   431   430
354   355   346   431
212   213   146   309
212   222   146   309
212   137   213   146
212   298   213   309
212   128   137   213
151    94    93   152
151    94    87    93
151    93   236   152
151    86    87    93
228   237   236   152
228   227   237   236
228   315   227   237
228   315   238   316
228   315   238   237
135   144    81    72
135   144   143    81
324   315   238   325
324   238   245   237
324   315   238   237
324   315   323   237
324   414   416   332
324   415   416   332
173   265   182   181
240   241   231   328
240   248   231   328
240   248   241   328
240   241   231   155
240   168   248   241
240   241   163   155
240   168   241   163
240   168   248   247
239   240   168   247
82    73    26    25
82    73    25    72
82    25    81    72
82   144    81    72
82    73    26    74
39    90    91    34
39    96    90    91
39    82    90    34
41    94    97    40
41    94    37    40
166    41    94    97
160   237   236   152
160    93   236   152
160    94    93   152
160    94    97    93
160   166    94    97
160   165    97    93
160   166   165    97
394   460   459   468
394   460   403   468
394   301   300   311
513   450   504   442
105   113   112    51
105   177   113   112
349   341   253   340
349   426   348   340
349   426   358   348
349   341   420   340
349   426   420   340
349   253   348   340
349   261   358   348
349   261   262   358
349   341   253   250
349   262   253   250
349   341   420   427
349   426   420   427
349   426   427   359
349   426   358   359
349   261   253   348
349   261   262   253
255   172   171   250
255   349   262   250
255   172   250   342
255   171   254   250
255   262   254   250
255   349   341   250
515   505   555   506
515   562   555   506
572   535   587   578
511   519   510   447
511   519   560   510
511   502   510   447
511   519   457   447
511   502   510   553
511   560   510   553
511   519   457   520
511   519   560   520
511   448   457   447
511   512   448   457
511   512   457   520
511   512   560   520
566   560   510   559
566   519   560   510
566   510   559   586
566   519   560   520
552   495   548   547
350   339   421   342
350   341   421   342
350   341   421   427
350   422   421   427
350   422   339   421
350   349   341   427
350   255   349   341
350   349   427   359
350   341   250   342
350   255   250   342
350   255   341   250
490   423   429   491
490   422   423   429
490   495   491   547
490   495   429   491
428   490   495   429
428   490   494   489
428   494   493   489
428   490   422   429
428   493   489   427
428   435   493   427
428   422   489   427
428   490   422   489
263   349   358   359
263   262   188   358
263   350   264   359
263   350   349   359
263   350   255   349
263   349   262   358
263   255   349   262
486   581   540   545
480   486   419   487
480   415   487   416
480   419   487   416
480   472   540   408
480   419   414   416
480   419   414   406
480   324   414   416
480   324   415   416
480   324   414   406
413   485   414   406
413   485   405   406
413   405   412   484
413   485   405   484
329   235   243   242
329   235   330   243
329   233   235   242
329   233   235   321
329   320   321   412
329   233   320   321
159   323   237   236
159   235   323   236
159   160   237   236
159   160   245   244
159   160   245   237
159   165   243   244
159   160   165   244
159   235   236   158
159   235   243   158
159   243   164   158
159   165   243   164
159   160    93   236
159   160   165    93
159    93   236   158
159    93   164   158
159   165    93   164
322   397   405   396
322   397   323   396
322   323   313   396
322   235   313   396
322   235   323   313
322   397   405   406
322   397   323   406
322   235   321   396
322   329   321   412
322   329   235   321
322   413   405   412
322   413   330   412
322   329   330   412
322   329   235   330
322   413   405   406
386   375   460   301
386   302   303   387
386   470   302   387
404   320   321   412
404   322   321   396
404   322   321   412
404   322   405   396
404   322   405   412
404   470   405   396
404   405   412   484
404   320   412   484
404   320   403   484
404   477   403   484
404   477   469   403
225   301   300   215
225   312   301   300
225   312   301   216
225   312   226   216
395   312   302   301
395   312   301   311
395   394   460   403
395   394   460   301
395   386   460   301
395   386   302   301
395   394   403   311
395   394   301   311
395   312   321   311
395   312   302   321
395   460   469   403
395   386   460   469
395   404   469   403
395   386   470   302
395   302   321   396
395   404   321   396
395   320   403   311
395   404   320   403
395   320   321   311
395   404   320   321
395   386   470   469
395   404   470   469
395   470   302   396
395   404   470   396
399   400   474   408
399   389   306   398
399   306   316   398
399   400   325   408
399   325   316   398
399   473   474   408
399   472   473   408
399   317   325   316
399   317   400   325
295   380   306   381
295   380   306   210
295   371   381   286
295   371   380   381
507   435   434   368
507   444   434   368
507   435   434   498
507   434   443   498
507   444   434   443
507   505   498   506
507   443   505   498
377   303   387   304
377   378   303   304
377   378   444   367
377   386   303   387
377   378   292   367
377   378   303   292
88    94    37    87
88    41    94    37
88    41    95    94
88   151    94    87
88    95    94   152
88   151    94   152
88   151   143   152
391   465   297   381
391   465   474   475
391   297   466   401
391   465   297   466
391   410   401   475
391   466   401   475
391   465   466   475
529   574   521   475
529   465   519   464
529   466   521   475
529   465   466   475
529   466   457   521
529   465   466   457
529   465   519   457
529   457   521   520
529   519   457   520
418   410   476   483
458   467   466   521
458   384   467   466
458   466   457   521
458   457   521   520
458   383   466   457
458   384   383   466
458   512   457   520
449   384   383   373
449   383   287   373
449   383   448   287
449   458   384   383
449   383   448   457
449   458   383   457
449   512   448   457
449   458   512   457
269   261   260   347
269   261   270   347
269   270   356   347
269   270   356   278
272   263   264   181
272   263   188   358
272   273   368   359
272   273   264   359
272   263   264   359
272   358   368   359
272   263   358   359
409   415   334   417
409   317   400   325
409   418   334   417
409   415   325   408
409   400   325   408
409   418   417   488
318   319   231   328
318   476   401   402
318   410   476   401
318   319   402   309
318   319   231   309
318   392   402   309
318   401   392   402
318   297   392   309
318   297   401   392
479   472   539   540
479   480   472   540
479   397   405   406
479   485   405   543
479   485   405   406
479   419   485   406
479   480   419   406
479   480   486   540
479   480   486   419
390   380   389   455
390   465   464   474
390   380   455   456
390   391   465   474
390   391   465   381
390   465   381   456
390   464   455   456
390   465   464   456
390   380   389   306
390   399   389   306
390   380   306   381
390   370   381   456
390   380   370   456
390   380   370   381
482   541   474   408
482   400   474   408
482   409   400   408
482   409   410   400
482   391   474   475
482   391   400   474
482   410   483   475
482   409   418   488
482   409   418   410
482   391   410   475
482   391   410   400
482   418   488   483
482   418   410   483
536   535   464   473
536   541   535   473
536   464   473   474
536   541   473   474
536   465   464   474
536   529   465   464
536   529   574   475
536   482   474   475
536   482   541   474
536   465   474   475
536   529   465   475
446   509   370   455
446   380   370   455
446   509   438   370
437   509   495   502
437   509   438   502
437   495   502   430
437   438   502   430
437   446   509   438
437   495   429   430
437   428   495   429
563   584   556   585
563   562   584   556
563   562   556   506
563   515   562   506
121    58   122   131
121    58   122   112
121   122   186   112
121   195   122   186
21    59    58    51
64    71    25    72
64    73    25    72
64     1    18    12
24    18    25    32
24    18     3    32
24    64    18    25
24    64    71    25
24     3    32     5
24    30     3     5
196   281   188   271
196   261   188   271
196   122   206   279
196   281   292   271
196   281   292   206
63    64    71    72
189   263   262   188
189   272   263   188
189   272   263   181
149    76   148    85
149   148    85   157
149    86    85   157
149   148   234   157
149    86   157   158
149   225   226   234
149   225   148   234
149   225   226   216
149   234   157   158
149   226   234   158
140   149   225   216
140   139    76   148
140   149    76   148
140   139   225   148
140   149   225   148
290   225   301   216
290   225   301   215
290   375   279   289
290   204   215   289
290   195   279   289
290   195   204   289
461   523   532   469
461   470   532   469
461   386   470   469
461   523   460   469
461   386   460   469
461   386   470   387
461   377   386   387
537   530   483   475
537   530   574   475
537   482   483   475
537   536   574   475
537   536   482   475
537   482   488   483
537   536   482   541
202   288   203   194
202   276   286   287
202   288   298   287
202   298   286   287
202   212   298   286
202   288   298   299
202   288   203   299
202   212   298   213
202   203   128   213
202   212   128   213
202   298   213   299
202   203   213   299
145   154   144   211
145   154   222   211
145   212   222   211
145   212   137   146
145   212   222   146
145   222   146   155
145   154   222   155
20    73    26    19
77    86    28    35
77    28    67    22
77    76    28    67
77   140    76    67
77    86    28    85
77   149    86    85
77   140   149    76
77    76    28    85
77   149    76    85
69    77    28    35
69    77    28    22
106   105    46   100
268   354   355   346
268   363   354   355
439   354   431   430
439   354   438   430
439   511   448   447
439   438   502   447
439   354   355   431
439   363   354   355
439   438   502   430
439   511   502   447
439   496   431   430
439   502   496   430
305   306   210   294
305   306   316   398
305   228   315   316
305   228   315   227
305   389   304   294
305   389   306   294
305   315   316   398
305   389   304   398
305   389   306   398
305   304   314   398
305   315   314   398
305   315   227   314
134   135   143    81
134    71    81    72
134   135    81    72
134    63    71    72
333   324   238   245
333   239   245   246
333   239   238   245
333   245   246   337
333   324   245   337
333   246   337   332
333   324   337   332
333   246   338   332
333   246   338   247
333   239   246   247
333   415   338   332
333   324   415   332
333   324   238   325
333   324   415   325
336   324   414   406
336   413   414   406
336   324   337   332
336   324   414   332
336   322   413   406
336   322   413   330
343   350   422   339
343   422   423   429
343   422   339   423
190   115   182   181
191   110   117   182
191   110   192   182
191   110   117   201
191   110   192   201
191   192   265   182
353   345   424   346
353   424   346   430
353   354   346   430
353   424   429   430
353   343   423   429
353   424   423   429
353   345   424   423
361   437   446   273
361   437   446   438
361   371   438   370
361   446   438   370
327   240   248   231
327   248   231   328
327   335   248   328
327   335   248   334
327   318   231   328
327   418   410   335
327   409   418   410
327   409   317   400
327   409   410   400
327   418   335   334
327   409   418   334
229   239   240   238
229   228   238   316
229   228   237   152
229   228   238   237
230   154   222   155
230   222   231   155
230   240   231   155
230   327   240   231
230   229   240   238
230   317   238   316
230   229   238   316
220   135   210   211
220   230   229   316
220   230   229   154
220   305   306   316
220   305   306   210
220   305   228   316
220   229   228   316
220   135   144   211
220   154   144   211
220   135   144   143
89    82   144    81
89    82   144    90
89    39    82    90
89    82    25    81
89    95    96    90
89    39    96    90
83    90    91    34
83    82    90    34
83    91    34    84
83    74    34    84
83    82    74    34
83   156    91    84
83   145    82    74
83    90    91   155
83   156    91   155
83    82   144    90
83   145    82   144
83    74   137    84
83   145    74   137
83   154    90   155
83   145   154   155
83   154   144    90
83   145   154   144
83   145   137   146
83   156   146   155
83   145   146   155
83   137   147    84
83   137   147   146
83   156   147    84
83   156   147   146
33    39    82    34
33    82    26    34
33    82    26    25
33    89    82    25
33    89    39    82
98    95    96    99
98    41    95    94
98   166    41    94
42    88    41    37
42    88    41    95
42    98    95    96
42    98    41    95
42    89    95    96
42    89    39    96
42    89    88    95
249   245   246   337
249   245   337   244
249   160   245   244
249   160   165   244
249   160   166   165
385   375   460   459
385   394   460   459
385   375   460   301
385   394   460   301
385   394   301   300
385   375   374   289
385   375   374   459
385   301   300   215
385   290   375   289
385   290   375   301
385   290   215   289
385   290   301   215
554   505   497   549
554   513   504   442
554   505   555   549
554   505   442   433
554   505   497   433
554   504   442   433
554   504   497   433
169   251   173   174
169   103   173   174
169   103   173   102
170   106   105   100
514   515   505   452
514   443   505   452
514   443   505   442
514   554   505   442
514   554   513   442
514   523   568   522
514   513   568   522
575   532   531   538
524   569   515   525
524   515   525   452
524   575   569   568
524   461   523   532
524   514   515   452
524   575   532   531
524   575   568   531
524   523   532   531
524   523   568   531
524   514   523   568
524   514   515   568
524   514   461   452
524   514   461   523
528   536   535   464
528   518   519   464
528   518   519   510
528   566   510   586
528   566   519   510
528   529   519   464
528   536   529   464
564   535   587   571
564   572   535   587
564   528   572   535
564   563   584   571
564   587   584   571
564   572   587   584
564   572   584   585
564   563   584   585
564   572   586   585
564   528   572   586
501   518   509   510
501   509   502   510
501   509   495   502
501   552   558   559
501   495   502   548
501   552   495   548
501   510   559   553
501   552   559   553
501   502   510   553
501   502   548   553
501   552   548   553
344   343   339   423
344   251   343   339
344   353   345   423
344   353   343   423
344   353   345   252
360   435   368   359
360   273   368   359
360   437   446   273
360   507   435   368
360   437   446   509
544   479   419   485
544   479   486   419
544   479   485   543
544   479   539   543
544   539   543   580
544   539   581   580
544   539   581   540
544   486   581   540
544   479   539   540
544   479   486   540
407   415   325   408
407   480   415   408
407   480   472   408
407   324   415   325
407   480   324   415
407   399   325   408
407   399   472   408
407   399   325   398
407   399   472   398
407   472   397   398
407   479   472   397
407   479   480   472
407   324   315   325
407   480   324   406
407   315   325   398
407   397   315   398
407   479   397   406
407   479   480   406
407   397   323   406
407   397   315   323
407   324   323   406
407   324   315   323
291   302   301   216
291   386   302   301
291   290   301   216
291   302   303   216
291   386   302   303
291   290   206   216
291   386   375   301
291   290   375   301
291   377   303   292
291   377   386   303
224   312   226   234
224   225   226   234
224   225   312   226
224   225   312   300
224   233   312   234
224   225   148   234
224   312   300   311
224   233   312   311
224   139   225   148
224   225   300   215
224   139   225   215
284   295   371   380
284   295   380   210
284   295   199   210
284   371   380   370
284   361   371   370
284   380   210   294
284   199   210   294
284   446   380   370
284   361   446   370
275   284   295   371
275   284   295   199
275   192   201   276
275   191   192   201
275   284   361   371
451   357   450   442
451   357   450   374
451   375   357   374
451   513   450   442
451   514   513   442
451   450   374   459
451   375   374   459
451   386   375   460
451   461   386   460
451   513   450   522
451   514   513   522
451   375   460   459
451   461   523   460
451   514   461   523
451   460   522   459
451   450   522   459
451   523   460   522
451   514   523   522
78    24    30     5
78    36    30     5
307   391   297   381
307   295   306   381
307   390   306   381
307   390   391   381
307   399   306   316
307   399   317   316
307   390   399   306
307   399   317   400
307   390   399   474
307   390   391   474
307   399   400   474
307   391   400   474
567   529   521   520
567   529   574   521
567   566   519   520
567   529   519   520
567   528   566   519
567   528   529   519
567   536   529   574
411   418   410   335
411   418   410   476
411   318   410   476
411   318   319   328
411   318   319   402
411   318   476   402
411   327   410   335
411   327   318   410
411   327   335   328
411   327   318   328
364   449   287   373
364   449   448   287
364   288   287   373
364   363   448   287
187   269   177   260
187   269   261   260
187   269   177   186
187   269   261   270
187   177   113   186
187   196   261   188
187   261   270   271
187   196   270   271
187   196   261   271
187   122   113   186
187   196   122   113
187   269   186   278
187   269   270   278
187   122   186   279
187   196   122   279
187   186   278   279
187   270   278   279
187   196   270   279
283   190   199   124
283   284   199   294
471   479   472   539
471   479   472   397
471   472   397   388
471   472   388   526
471   472   539   526
471   470   397   405
471   479   397   405
471   397   387   388
471   470   397   387
481   482   541   408
481   541   540   408
481   541   540   545
481   482   409   488
481   482   409   408
481   480   540   408
481   486   487   545
481   486   540   545
481   487   417   488
481   409   417   488
481   409   415   408
481   480   415   408
481   480   415   487
481   480   486   487
481   480   486   540
481   415   487   417
481   409   415   417
372   448   286   287
372   363   448   287
372   276   286   287
372   363   276   287
372   371   276   286
372   448   286   382
372   371   286   382
372   448   447   382
372   439   363   448
372   370   447   382
372   371   370   382
372   439   448   447
372   439   438   447
372   438   370   447
372   371   438   370
372   439   354   438
372   439   363   354
570   563   525   571
570   569   515   525
570   563   515   525
570   524   569   525
570   563   584   571
570   563   562   584
570   569   515   562
570   563   515   562
570   587   571   576
570   587   584   571
557   583   556   585
557   563   556   585
557   563   556   506
557   558   583   585
557   564   563   585
557   564   563   517
557   550   556   506
557   550   583   556
527   454   525   526
527   454   525   517
527   525   571   526
527   563   525   571
527   563   525   517
527   454   517   455
527   534   571   526
527   535   534   571
527   564   535   571
527   564   563   571
527   564   563   517
527   535   464   473
527   518   517   455
527   518   464   455
527   473   534   526
527   535   473   534
527   564   518   517
527   528   535   464
527   564   528   535
527   528   518   464
527   564   528   518
379   454   389   455
379   380   389   455
379   446   380   455
379   378   444   368
379   378   304   294
379   389   304   294
379   380   389   294
379   284   380   294
379   284   446   380
516   454   444   452
516   454   525   452
516   454   525   517
516   444   443   452
516   507   444   443
516   515   525   452
516   563   525   517
516   443   505   452
516   507   505   506
516   507   443   505
516   557   563   506
516   557   563   517
516   515   505   506
516   515   505   452
516   563   515   506
516   563   515   525
14    21    59    51
4    64    18    25
4    18    25    32
4    73    26    25
4    64    73    25
4    33    25    32
4    33    26    25
4    73    26    19
4    64    73    19
4    64    19    12
4    64    18    12
56    19    13    12
56    64    19    12
56    64    73    19
56    20    73    19
56    64    73    72
56    63    64    72
17    24    64    71
17    63    64    71
17    64     1    18
17    24    64    18
17    64     1    12
17    16     1     3
17     1    18     3
17    24    18     3
116   190   115   124
116   190   115   182
116   191   117   182
116   191   190   182
130   140    76    67
130   140   139    76
130   140   131    67
130    58   131    67
130   121    58   131
205   140   139   225
205   139   204   215
205   139   225   215
205   130   139   204
205   130   140   139
205   290   204   215
205   290   225   215
205   130   140   131
205   140   131   206
205   290   206   279
205   140   206   216
205   140   225   216
205   290   206   216
205   290   225   216
205   130   121   131
205   130   121   204
205   122   131   206
205   122   206   279
205   290   195   279
205   290   195   204
205   121   122   131
205   195   122   279
205   121   195   204
205   121   195   122
579   537   536   541
579   541   535   582
579   536   541   535
579   535   578   582
579   537   536   574
109   110   117   182
109   103   173   102
109    45   103   102
119   202   203   194
285   202   276   286
285   202   212   286
285   119   201   276
285   119   202   276
285   371   276   286
285   275   371   276
285   295   371   286
285   275   295   371
285   275   201   276
136   145   144   211
136   135   144    72
136   135   144   211
136    82   144    72
136   145    82   144
136   145    82    74
136    82    73    72
136    82    73    74
27    74    34    84
27    73    26    74
27    20    73    74
27    20    73    26
27    82    74    34
27    82    26    34
27    82    26    74
57    56    19    13
57    56    20    19
150   151    93   236
150   151    86    93
150   149    86   158
150    93   236   158
150    86    93   158
150   313   236   158
150   226   313   158
150   149   226   158
29    78    36    30
29    78     2    30
29    78    69     2
29    69    28    35
29    36    87    35
29    78    36    87
29    69    28    22
29    69     2    22
141    77   149    86
141   150   149    86
141    77   140   149
141   140   149   216
141   149   226   216
141   150   149   226
68    77    67    22
68    69    77    22
68    21    67    22
68   140   131    67
68    77   140    67
68    58   131    67
68    21    58    67
68    59    58   131
68    21    59    58
10    17    16     1
114   196   281   188
114   106   189   115
107   101   171   100
107   106   189   115
258   268   354   346
258   353   345   252
258   353   345   346
258   353   354   346
266   258   259   252
266   258   353   354
266   175   259   252
266   258   353   252
440   511   512   448
440   439   511   448
440   439   363   448
440   439   363   355
440   439   355   431
440   364   363   448
440   364   363   355
440   449   512   448
440   364   449   448
503   439   502   496
503   439   511   502
503   502   496   553
503   511   502   553
503   439   496   431
503   440   439   431
503   440   439   511
503   440   511   512
503   511   560   553
503   511   512   560
125   134   135    72
125   134    63    72
125   116    63   117
125   116   191   117
125   116    63   124
125   190   199   124
125   191   190   199
125   116   190   124
125   116   191   190
293   378   304   294
293   378   303   304
293   283   378   294
293   378   303   292
209   199   135   210
209   199   210   294
209   125   199   135
209   125   134   135
209   125   199   124
209   125   134   124
209   283   199   294
209   293   283   294
209   283   199   124
209   293   283   124
209   208   134   124
209   293   208   124
331   336   337   244
331   336   324   337
331   245   337   244
331   324   245   337
331   159   245   244
331   336   330   244
331   324   323   406
331   336   324   406
331   324   245   237
331   159   245   237
331   324   323   237
331   159   323   237
331   336   322   330
331   322   323   406
331   336   322   406
331   330   243   244
331   159   243   244
331   235   330   243
331   159   235   243
331   159   235   323
331   322   235   323
331   322   235   330
351   273   264   359
351   360   273   359
351   350   264   359
351   343   350   264
351   360   437   273
351   360   437   428
351   437   428   429
351   360   435   359
351   360   428   435
351   350   427   359
351   343   350   422
351   428   422   429
351   343   422   429
351   435   427   359
351   428   435   427
351   350   422   427
351   428   422   427
274   191   265   182
274   191   190   182
274   265   182   181
274   190   182   181
274   190   272   181
274   191   192   265
274   275   191   192
274   191   190   199
274   275   191   199
274   265   264   181
274   272   264   181
274   275   284   361
274   275   284   199
274   273   265   264
274   272   273   264
274   283   190   272
274   283   190   199
274   283   284   199
352   351   343   264
352   273   265   264
352   353   343   429
352   351   343   429
352   274   273   265
352   274   361   265
352   274   361   273
352   361   437   273
352   266   353   354
352   351   273   264
352   351   437   273
352   351   437   429
352   361   437   438
352   437   429   430
352   353   429   430
352   437   438   430
352   354   438   430
352   353   354   430
326   230   317   238
326   230   240   238
326   230   327   317
326   230   327   240
326   317   238   325
326   333   238   325
326   327   409   317
326   239   240   238
326   333   239   238
326   409   317   325
326   327   409   334
326   239   240   247
326   333   239   247
326   327   248   334
326   327   240   248
326   409   415   325
326   333   415   325
326   409   415   334
326   248   334   247
326   240   248   247
326   334   338   247
326   333   338   247
326   415   334   338
326   333   415   338
162   154    90   155
162    90   163   155
162   230   240   155
162   230   154   155
162   230   229   240
162   230   229   154
162   240   163   155
162    96    99   163
162    96    90   163
162   229   239   240
162    95    96    99
162    95    96    90
162   168    99   163
162   240   168   163
162   239   168    99
162   239   240   168
221   230   154   222
221   220   230   154
221   154   222   211
221   220   154   211
221   220   230   316
221   220   210   211
221   230   317   316
221   307   317   316
221   220   306   316
221   307   306   316
221   295   210   211
221   220   306   210
221   295   306   210
221   307   295   306
31    24    32     5
31    24    25    32
31    89    25    81
31    89    88    81
31    71    25    81
31    24    71    25
31    88    37    87
31    78    24     5
31    78    24    71
31    36    37     5
31    36    37    87
31    78    36     5
31    78    36    87
38    33    89    39
38    42    89    39
38    33    25    32
38    33    89    25
38    31    25    32
38    31    89    25
38    31    32     5
38    42    89    88
38    31    89    88
38    31    37     5
38    42    88    37
38    31    88    37
167   239   245   246
167   249   245   246
167   239   168    99
167   239   246   247
167   239   168   247
183   175   259   176
183   266   175   259
183   110   192   182
183   173   265   182
183   192   265   182
183   109   173   182
183   109   110   182
183   266   192   265
183   109   103   173
183   103   173   174
183   175   103   174
183   175   174   252
183   266   175   252
104   109    45    50
104   109    45   103
104   109   110    50
104   183   175   103
104   183   109   103
104   183   110   176
104   183   175   176
104   183   109   110
256   251   173   174
256   343   350   264
256   343   350   339
256   251   343   339
256   263   264   181
256   263   350   264
256   263   350   255
256   350   255   342
256   169   251   173
256   169   251   172
256   255   172   342
256   251   172   342
256   350   339   342
256   251   339   342
180   169   173   102
180   169   101   102
180   256   169   173
180   256   173   181
180   169   172   101
180   256   169   172
180   189   115   181
180   107   189   115
180   172   101   171
180   107   101   171
180   256   255   172
180   256   263   181
180   256   263   255
180   255   172   171
180   189   263   181
180   189   263   255
178   170   177   260
178   187   177   260
178   262   260   254
178   170   260   254
178   170   262   254
178   261   262   260
178   187   261   260
178   187   177   113
178   261   262   188
178   187   261   188
178   105   177   113
178   170   105   177
178   106   105   113
178   170   106   105
178   187   196   113
178   187   196   188
178   114   106   113
178   189   262   188
178   114   196   113
178   114   196   188
178   114   189   188
178   114   106   189
561   514   554   513
561   514   513   568
561   514   515   568
561   514   515   505
561   514   554   505
561   515   505   555
561   554   505   555
561   515   562   555
561   569   515   562
561   524   515   568
561   524   569   568
561   524   569   515
436   437   428   495
436   360   437   428
436   360   428   435
436   494   551   547
436   428   494   493
436   428   435   493
436   490   495   547
436   428   490   495
436   490   494   547
436   428   490   494
508   360   446   509
508   516   557   517
508   516   557   507
508   446   509   455
508   518   517   455
508   518   509   455
508   501   518   509
508   360   437   509
508   436   360   437
508   437   509   495
508   436   437   495
508   501   509   495
280   290   206   279
280   291   290   206
280   291   292   206
280   290   375   279
280   291   290   375
280   196   206   279
280   196   292   206
280   375   357   279
280   196   292   271
280   196   270   279
280   196   270   271
280   357   270   279
280   292   367   271
280   377   292   367
280   291   377   292
280   366   270   271
280   357   366   270
280   366   367   271
376   291   377   386
376   461   377   386
376   451   461   386
376   291   386   375
376   451   386   375
376   280   291   377
376   461   377   452
376   280   291   375
376   280   377   367
376   514   461   452
376   451   514   461
376   451   375   357
376   280   375   357
376   444   443   452
376   377   444   452
376   514   443   452
376   444   443   367
376   377   444   367
376   451   357   442
376   280   366   367
376   280   357   366
376   514   443   442
376   451   514   442
376   366   443   442
376   366   443   367
376   357   366   442
296   307   297   381
296   307   295   381
296   297   381   286
296   295   381   286
296   221   307   295
296   297   298   286
296   212   298   286
296   285   212   286
296   285   295   286
296   297   298   309
296   212   298   309
296   285   212   211
296   285   295   211
296   212   222   309
296   212   222   211
296   221   222   211
296   221   295   211
282   293   283   378
282   281   188   271
282   293   378   292
282   293   281   292
282   378   367   368
282   378   292   367
282   292   367   271
282   281   292   271
282   272   358   368
282   272   188   358
282   358   367   271
282   188   358   271
282   434   367   368
282   434   358   368
282   434   358   367
478   479   539   543
478   471   479   539
478   471   539   532
478   479   405   543
478   471   479   405
478   539   543   538
478   539   532   538
478   477   543   538
478   477   532   538
478   471   470   405
478   471   470   532
478   405   543   484
478   477   543   484
478   404   405   484
478   404   477   484
478   404   470   405
478   477   532   469
478   470   532   469
478   404   477   469
478   404   470   469
462   461   470   387
462   471   470   387
462   471   387   388
462   461   470   532
462   471   470   532
462   471   388   526
462   471   539   526
462   471   539   532
462   454   388   526
462   524   461   532
462   454   525   526
462   454   525   452
462   524   525   452
462   524   461   452
542   481   482   488
542   481   482   541
542   537   482   488
542   537   482   541
542   481   541   545
542   481   487   488
542   481   487   545
542   579   537   541
542   541   545   582
542   579   541   582
362   372   363   276
362   372   363   354
362   352   266   354
362   275   192   276
362   372   354   438
362   266   192   265
362   352   266   265
362   275   371   276
362   372   371   276
362   275   361   371
362   352   354   438
362   352   361   438
362   352   361   265
362   361   371   438
362   372   371   438
362   274   192   265
362   274   275   192
362   274   361   265
362   274   275   361
533   570   525   571
533   570   571   576
533   570   575   576
533   570   524   525
533   525   571   526
533   524   575   532
533   524   575   569
533   570   575   569
533   570   524   569
533   534   571   526
533   534   571   576
533   462   524   532
533   462   524   525
533   539   534   526
533   539   534   576
533   539   576   580
533   575   576   580
533   539   532   580
533   462   525   526
533   462   539   526
533   462   539   532
533   532   580   538
533   575   580   538
533   575   532   538
565   564   518   517
565   557   564   517
565   508   518   517
565   508   557   517
565   508   501   518
565   557   558   585
565   557   564   585
565   558   586   585
565   564   586   585
565   564   528   586
565   564   528   518
565   501   518   510
565   510   559   586
565   558   559   586
565   528   510   586
565   528   518   510
565   501   510   559
565   501   558   559
463   527   454   526
463   454   388   526
463   454   389   388
463   527   473   526
463   454   389   455
463   527   454   455
463   390   389   455
463   472   388   526
463   472   473   526
463   390   399   389
463   527   464   473
463   390   464   455
463   527   464   455
463   399   472   473
463   389   388   398
463   399   389   398
463   399   473   474
463   390   399   474
463   464   473   474
463   390   464   474
463   472   388   398
463   399   472   398
445   379   454   455
445   379   454   444
445   454   517   455
445   508   517   455
445   516   454   517
445   516   454   444
445   379   446   455
445   508   446   455
445   516   507   444
445   379   444   368
445   508   516   517
445   508   516   507
445   360   446   368
445   508   360   507
445   508   360   446
445   507   444   368
445   360   507   368
453   379   389   304
453   379   454   389
453   389   304   388
453   454   389   388
453   379   454   444
453   379   378   304
453   379   378   444
453   387   304   388
453   377   387   304
453   462   454   388
453   377   378   304
453   377   378   444
453   377   444   452
453   454   444   452
453   462   387   388
453   462   454   452
453   461   377   387
453   462   461   387
453   461   377   452
453   462   461   452
369   379   284   446
369   361   446   273
369   284   361   446
369   274   361   273
369   274   284   361
369   360   273   368
369   360   446   368
369   360   446   273
369   445   446   368
369   445   379   368
369   445   379   446
369   274   283   284
369   283   284   294
369   379   284   294
369   272   273   368
369   379   378   368
369   274   272   273
369   274   283   272
369   283   378   294
369   379   378   294
369   282   272   368
369   282   283   272
369   282   378   368
369   282   283   378
52    14    46    51
52    14    59    51
52    14    46     9
52   105    46    51
52   106   105    46
52    59   113    51
52     6    46     9
52   105   113    51
52   106   105   113
52   114    59   113
52   114   106   113
118   110   117   201
23    16     2     3
23    17    16     3
23     2    30     3
23    78     2    30
23    17    24     3
23    78    69     2
23    15    16     2
23    24    30     3
23    78    24    30
23    78    24    71
23    17    24    71
54    11    17     1
54    10    17     1
54    10    11     1
573   528   536   529
573   567   536   529
573   567   528   529
573   567   536   574
573   579   536   574
573   528   536   535
573   579   535   578
573   579   536   535
573   572   535   578
573   528   572   535
573   528   572   586
573   528   566   586
573   567   528   566
200   285   295   211
200   285   275   201
200   136   135   211
200   125   199   135
200   125   191   199
200   295   210   211
200   295   199   210
200   275   295   199
200   285   275   295
200   275   191   201
200   275   191   199
200   135   210   211
200   199   135   210
127   145   212   211
127   285   212   211
127   136   145   211
127   212   128   137
127   145   212   137
127   136   145    74
127   202   212   128
127   285   202   212
127   200   285   211
127   200   136   211
127    74   128   137
127   145    74   137
127   119   202   128
127   285   119   202
127   285   119   201
127   200   285   201
138   137   147    84
138   137   147   214
138   203   128   214
138    74   137    84
138    27    74    84
138   128   137   214
138    74   128   137
111   104   110   176
111   104   110    50
49    57    50    13
49    57    56    13
49   118    57    56
49    50    13     8
49   118    56   117
49   111    57    50
49   111   118    57
49   118   110   117
49   111   110    50
49   111   118   110
49    45    50     8
49   109    45    50
49   109   110   117
49   109   110    50
79   151    86    87
79   150   151    86
79   141   150    86
79   141    77    86
79    86    87    35
79    29    87    35
79    29    78    87
79    29    69    35
79    29    78    69
79    77    86    35
79    69    77    35
142   150   227   236
142   150   151   236
142    79   150   151
142    79   141   150
142   151   236   152
142   228   236   152
142   228   227   236
142   151   143   152
142   228   143   152
217   150   226   313
217   141   150   226
217   141   226   216
217   302   226   216
217   302   226   313
217   227   313   236
217   150   313   236
217   150   227   236
217   142   150   227
217   142   141   150
217   302   303   216
217   227   314   313
217   302   314   313
217   302   303   314
197    68    59   131
197   122   131   206
197    59   122   131
197   208   114   281
197   196   122   206
197   196   281   206
197   114   196   281
197    59   122   113
197   114    59   113
197   196   122   113
197   114   196   113
55    49    56    13
55    56    13    12
55    11    13    12
55    56    63   117
55    49    56   117
55    11    13     8
55    49    13     8
55    56    64    12
55    56    63    64
55    54    17    63
55    54    11    17
55    17    64    12
55    17    63    64
55   116    63   117
55    54   116    63
55    17     1    12
55    11     1    12
55    11    17     1
 7    54    10     6
 7    54    10    11
43   107   101   100
43   107    44   101
43   106    46   100
43   107   106   100
198   114   189   115
198   189   115   181
198   189   272   181
198   283   190   272
198   190   115   124
198   283   190   124
198   190   115   181
198   190   272   181
198   208   114   281
198   189   272   188
198   114   281   188
198   114   189   188
198   282   283   272
198   293   283   124
198   293   208   124
198   293   208   281
198   282   281   188
198   282   272   188
198   282   293   281
198   282   293   283
179   107   106   189
179   180   107   171
179   180   107   189
179   107   171   100
179   107   106   100
179   170   171   100
179   170   106   100
179   178   106   189
179   178   170   106
179   180   255   171
179   180   189   255
179   170   171   254
179   170   262   254
179   178   189   262
179   178   170   262
179   255   171   254
179   255   262   254
179   263   255   262
179   189   263   262
179   189   263   255
108    44   101   102
108   107    44   101
108   180   101   102
108   180   107   101
108   180   173   102
108   109    45   102
108    44    45   102
108   109   173   102
108   180   107   115
108   109   173   182
108   180   115   181
108   180   173   181
108   116   115   182
108   115   182   181
108   173   182   181
277   268   363   355
277   364   363   355
277   364   288   287
277   364   363   287
184   192   201   276
184   119   201   276
184   185   259   176
184   110   192   201
184   183   259   176
184   118   110   201
184   118   119   201
184   185   120   176
184   183   110   176
184   183   110   192
184   118   120   119
184   111   110   176
184   111   120   176
184   111   118   110
184   111   118   120
126    56    63   117
126   125    63   117
126    56    63    72
126   125    63    72
126   118   117   201
126   118    56   117
126   125   191   117
126   200   125   191
126    56    73    72
126   136    73    72
126   191   117   201
126   200   191   201
126   127   200   201
126   127   200   136
126   136   135    72
126   200   136   135
126   125   135    72
126   200   125   135
153   162   229   154
153   162    95    90
153   162   154    90
153   154   144    90
153   220   154   144
153   220   229   154
153    89   144    90
153    89    95    90
153   220   144   143
153   144   143    81
153    89   144    81
153    89    88    95
153   220   228   143
153   220   229   228
153    88   143   152
153    88    95   152
153   228   143   152
153   229   228   152
153    88   143    81
153    89    88    81
80    31    78    71
80    31    71    81
80   134   143    81
80   134    71    81
80    88   143    81
80    31    88    81
80    88   151   143
80    31    78    87
80   142   151   143
80   142    79   151
80    79   151    87
80    79    78    87
80    88   151    87
80    31    88    87
161   167   239   245
161   249   160   245
161   167   249   245
161   239   238   245
161   229   239   238
161   249   160   166
161   167   249   166
161   238   245   237
161   229   238   237
161   160   237   152
161   160   245   237
161   229   237   152
161   162   229   239
161   167    98   166
161   162    95    99
161   162   239    99
161   167   239    99
161    98    95    94
161    98    95    99
161   167    98    99
161    95    94   152
161   160    94   152
161   153    95   152
161   153   229   152
161   153   162    95
161   153   162   229
161   160   166    94
161    98   166    94
257   183   174   252
257   183   266   252
257   344   174   252
257   183   173   174
257   344   353   252
257   266   353   252
257   183   173   265
257   183   266   265
257   344   353   343
257   256   173   174
257   344   251   174
257   256   251   174
257   352   353   343
257   352   266   265
257   352   266   353
257   344   251   343
257   256   251   343
257   256   343   264
257   265   264   181
257   173   265   181
257   256   264   181
257   256   173   181
257   352   265   264
257   352   343   264
499   557   550   506
499   550   583   551
499   557   550   583
499   550   546   551
499   516   507   506
499   516   557   506
499   516   557   507
499   507   498   506
499   508   557   507
499   550   506   549
499   550   546   549
499   494   546   551
499   436   494   551
499   507   435   498
499   508   360   507
499   508   436   360
499   498   506   549
499   546   498   549
499   493   546   498
499   494   493   546
499   436   494   493
499   435   493   498
499   436   435   493
499   360   507   435
499   436   360   435
500   508   501   495
500   508   436   495
500   501   552   495
500   552   495   547
500   436   495   547
500   552   551   547
500   436   551   547
500   565   508   501
500   565   508   557
500   499   436   551
500   499   508   436
500   501   552   558
500   565   501   558
500   552   583   551
500   499   508   557
500   552   558   583
500   557   558   583
500   565   557   558
500   499   583   551
500   499   557   583
308   296   307   297
308   307   391   297
308   318   297   309
308   296   297   309
308   391   297   401
308   318   297   401
308   296   222   309
308   296   221   222
308   296   221   307
308   391   410   401
308   318   410   401
308   307   317   400
308   307   391   400
308   222   231   309
308   318   231   309
308   221   307   317
308   391   410   400
308   327   317   400
308   327   318   231
308   221   230   222
308   221   230   317
308   327   410   400
308   327   318   410
308   230   222   231
308   230   327   231
308   230   327   317
47    52     6    46
47    52   106    46
47    43     6    46
47    43   106    46
47    43   107   106
47   107   106   115
47     7    54     6
47    43     7     6
47   108   107   115
47   108   116   115
47    43   107    44
47    43     7    44
47   108   107    44
60    23    69     2
60    23    15     2
60    69     2    22
60    15     2    22
60    68    69    22
60    15    21    22
60    68    21    22
60    68    21    59
60    52    14    59
60    15    14     9
60    52    14     9
60    14    21    59
60    15    14    21
61    47    54   116
61   116   115   124
61    47   116   115
61   198   208   124
61   198   208   114
61   198   115   124
61   198   114   115
61    52   114   106
61    47    52   106
61   114   106   115
61    47   106   115
62    17    63    71
62    23    17    71
62   134    63    71
62    54    17    63
62    54   116    63
62    61    54   116
62   125    63   124
62   125   134   124
62   125   134    63
62   116    63   124
62    61   116   124
62   208   134   124
62    61   208   124
65   127   119   128
65   118   119   201
65   127   119   201
65   127    74   128
65   126   118   201
65   126   127   201
65    57    56    20
65   118    57    56
65    20    73    74
65   126   118    56
65   127   136    74
65   126   127   136
65    27    20    74
65   136    73    74
65   126   136    73
65    56    20    73
65   126    56    73
129   138   203   128
129   119   203   194
129   120   119   194
129    65   119   128
129   202   203   128
129   119   202   128
129   119   202   203
66   111   118   120
66   111   118    57
66    65    57    20
66   118   120   119
66   129   120   119
66    65   118    57
66    65   118   119
66   129    65   119
218   209   293   294
218   217   142   227
218   305   304   294
218   293   304   294
218   293   303   304
218   305   227   314
218   305   304   314
218   303   304   314
218   217   303   314
218   217   227   314
219   134   135   143
219   209   134   135
219   220   135   143
219   220   135   210
219   209   135   210
219   218   305   294
219   218   209   294
219   142   228   143
219   218   305   227
219   218   142   227
219   220   228   143
219   220   305   228
219   220   305   210
219   305   210   294
219   209   210   294
219   305   228   227
219   142   228   227
193   363   276   287
193   277   363   287
193   277   185   194
193   202   276   287
193   184   119   276
193   185   120   194
193   184   185   120
193   202   288   287
193   277   288   287
193   119   202   276
193   119   202   194
193   202   288   194
193   277   288   194
193   120   119   194
193   184   120   119
267   258   268   259
267   266   258   259
267   185   268   259
267   184   185   259
267   183   266   259
267   184   183   259
267   258   268   354
267   266   258   354
267   193   184   185
267   183   266   192
267   184   183   192
267   268   363   354
267   277   185   268
267   193   277   185
267   362   266   192
267   362   363   354
267   362   266   354
267   277   268   363
267   193   277   363
267   193   363   276
267   193   184   276
267   362   363   276
267   362   192   276
267   184   192   276
70    23    78    71
70    80    78    71
70    62    23    71
70    23    78    69
70    80   134    71
70    62   134    71
70    79    78    69
70    80    79    78
70    62   208   134
70    60    23    69
48    47    54   116
48    47   108   116
48    47     7    54
48    55    54   116
48    47     7    44
48    47   108    44
48    55    49     8
48    55    11     8
48    55    54    11
48   108   109    45
48   108   116   182
48   108   109   182
48     7    11     8
48     7    54    11
48     7    44     8
48    55   116   117
48    55    49   117
48    49    45     8
48    49   109    45
48    49   109   117
48    44    45     8
48   108    44    45
48   116   117   182
48   109   117   182
53    62    23    17
53    62    54    17
53    23    17    16
53    10    17    16
53    54    10    17
53    10    16     9
53    60    52     9
53    62    61    54
53    10     6     9
53    54    10     6
53    15    16     9
53    60    15     9
53    23    15    16
53    60    23    15
53    61    47    52
53    61    47    54
53    47    54     6
53    52     6     9
53    47    52     6
75    65    27    20
75    66    65    20
75    66   129    65
75   129   138   128
75   129    65   128
75   138    27    74
75    65    27    74
75   138    74   128
75    65    74   128
207   218   293   303
207   293   208   281
207   197   208   281
207   218   217   303
207   197   281   206
207   293   303   292
207   217   303   216
207   217   141   216
207   140   206   216
207   141   140   216
207   140   131   206
207   197   131   206
207   281   292   206
207   293   281   292
207   291   206   216
207   291   303   216
207   291   292   206
207   291   303   292
123    70    60    23
123    70    62    23
123    53    60    23
123    53    62    23
123    70    62   208
123    53    62    61
123    62    61   208
123    53    60    52
123    53    61    52
123    61   208   114
123    61    52   114
123   197    68    59
123    60    68    59
123   197   208   114
123    60    52    59
123    52   114    59
123   197   114    59
133    70   208   134
133   209   208   134
133    70    80   134
133   219   209   134
133    80   134   143
133    80   142   143
133    80   142    79
133    70    80    79
133   142    79   141
133   219   134   143
133   219   142   143
133   219   218   209
133   219   218   142
133   209   293   208
133   218   209   293
133   207   293   208
133   207   218   293
133   217   142   141
133   218   217   142
133   207   217   141
133   207   218   217
132    70    79    69
132    68    69    77
132    79    69    77
132    60    68    69
132    70    60    69
132    79   141    77
132   123    60    68
132   123    70    60
132   133    79   141
132   133    70    79
132   141    77   140
132    68    77   140
132   133   207   141
132   123    70   208
132   133    70   208
132   207   141   140
132    68   140   131
132   197    68   131
132   123   197    68
132   133   207   208
132   207   140   131
132   207   197   131
132   207   197   208
132   123   197   208